  0.0    1000.00     1.5951982e-12
  0.0    1010.00     1.9630617e-12
  0.0    1020.00     2.4240361e-12
  0.0    1030.00     2.9990582e-12
  0.0    1040.00     3.7144924e-12
  0.0    1050.00     4.6012938e-12
  0.0    1060.00     5.6950943e-12
  0.0    1070.00     7.0359850e-12
  0.0    1080.00     8.6679249e-12
  0.0    1090.00     1.0637733e-11
  0.0    1100.00     1.2993680e-11
  0.0    1110.00     1.5783730e-11
  0.0    1120.00     1.9053574e-11
  0.0    1130.00     2.2844584e-11
  0.0    1140.00     2.7191832e-11
  0.0    1150.00     3.2122313e-11
  0.0    1160.00     3.7653433e-11
  0.0    1170.00     4.3791820e-11
  0.0    1180.00     5.0532462e-11
  0.0    1190.00     5.7858190e-11
  0.0    1200.00     6.5739511e-11
  0.0    1210.00     7.4134812e-11
  0.0    1220.00     8.2990958e-11
  0.0    1230.00     9.2244269e-11
  0.0    1240.00     1.0182191e-10
  0.0    1250.00     1.1164358e-10
  0.0    1260.00     1.2162356e-10
  0.0    1270.00     1.3167283e-10
  0.0    1280.00     1.4170145e-10
  0.0    1290.00     1.5162075e-10
  0.0    1300.00     1.6134561e-10
  0.0    1310.00     1.7079642e-10
  0.0    1320.00     1.7990085e-10
  0.0    1330.00     1.8859533e-10
  0.0    1340.00     1.9682627e-10
  0.0    1350.00     2.0455080e-10
  0.0    1360.00     2.1173737e-10
  0.0    1370.00     2.1836588e-10
  0.0    1380.00     2.2442763e-10
  0.0    1390.00     2.2992486e-10
  0.0    1400.00     2.3487017e-10
  0.0    1410.00     2.3928562e-10
  0.0    1420.00     2.4320161e-10
  0.0    1430.00     2.4665568e-10
  0.0    1440.00     2.4969107e-10
  0.0    1450.00     2.5235528e-10
  0.0    1460.00     2.5469850e-10
  0.0    1470.00     2.5677214e-10
  0.0    1480.00     2.5862736e-10
  0.0    1490.00     2.6031375e-10
  0.0    1500.00     2.6187824e-10
  0.0    1510.00     2.6336415e-10
  0.0    1520.00     2.6481055e-10
  0.0    1530.00     2.6625191e-10
  0.0    1540.00     2.6771796e-10
  0.0    1550.00     2.6923384e-10
  0.0    1560.00     2.7082045e-10
  0.0    1570.00     2.7249488e-10
  0.0    1580.00     2.7427107e-10
  0.0    1590.00     2.7616035e-10
  0.0    1600.00     2.7817200e-10
  0.0    1610.00     2.8031375e-10
  0.0    1620.00     2.8259220e-10
  0.0    1630.00     2.8501303e-10
  0.0    1640.00     2.8758119e-10
  0.0    1650.00     2.9030099e-10
  0.0    1660.00     2.9317609e-10
  0.0    1670.00     2.9620950e-10
  0.0    1680.00     2.9940357e-10
  0.0    1690.00     3.0276003e-10
  0.0    1700.00     3.0627994e-10
  0.0    1710.00     3.0996384e-10
  0.0    1720.00     3.1381171e-10
  0.0    1730.00     3.1782315e-10
  0.0    1740.00     3.2199728e-10
  0.0    1750.00     3.2633287e-10
  0.0    1760.00     3.3082828e-10
  0.0    1770.00     3.3548141e-10
  0.0    1780.00     3.4028960e-10
  0.0    1790.00     3.4524961e-10
  0.0    1800.00     3.5035748e-10
  0.0    1810.00     3.5560849e-10
  0.0    1820.00     3.6099717e-10
  0.0    1830.00     3.6651733e-10
  0.0    1840.00     3.7216208e-10
  0.0    1850.00     3.7792399e-10
  0.0    1860.00     3.8379512e-10
  0.0    1870.00     3.8976706e-10
  0.0    1880.00     3.9583067e-10
  0.0    1890.00     4.0197569e-10
  0.0    1900.00     4.0818990e-10
  0.0    1910.00     4.1445770e-10
  0.0    1920.00     4.2075822e-10
  0.0    1930.00     4.2706272e-10
  0.0    1940.00     4.3333149e-10
  0.0    1950.00     4.3951036e-10
  0.0    1960.00     4.4552724e-10
  0.0    1970.00     4.5128926e-10
  0.0    1980.00     4.5668121e-10
  0.0    1990.00     4.6156606e-10
  0.0    2000.00     4.6578852e-10
  0.0    2010.00     4.6918218e-10
  0.0    2020.00     4.7158039e-10
  0.0    2030.00     4.7283094e-10
  0.0    2040.00     4.7281324e-10
  0.0    2050.00     4.7145659e-10
  0.0    2060.00     4.6875726e-10
  0.0    2070.00     4.6479182e-10
  0.0    2080.00     4.5972442e-10
  0.0    2090.00     4.5380579e-10
  0.0    2100.00     4.4736318e-10
  0.0    2110.00     4.4078123e-10
  0.0    2120.00     4.3447521e-10
  0.0    2130.00     4.2885945e-10
  0.0    2140.00     4.2431427e-10
  0.0    2150.00     4.2115548e-10
  0.0    2160.00     4.1960983e-10
  0.0    2170.00     4.1979936e-10
  0.0    2180.00     4.2173601e-10
  0.0    2190.00     4.2532654e-10
  0.0    2200.00     4.3038627e-10
  0.0    2210.00     4.3665936e-10
  0.0    2220.00     4.4384235e-10
  0.0    2230.00     4.5160820e-10
  0.0    2240.00     4.5962827e-10
  0.0    2250.00     4.6759100e-10
  0.0    2260.00     4.7521643e-10
  0.0    2270.00     4.8226719e-10
  0.0    2280.00     4.8855648e-10
  0.0    2290.00     4.9395392e-10
  0.0    2300.00     4.9838980e-10
  0.0    2310.00     5.0185771e-10
  0.0    2320.00     5.0441535e-10
  0.0    2330.00     5.0618299e-10
  0.0    2340.00     5.0733905e-10
  0.0    2350.00     5.0811278e-10
  0.0    2360.00     5.0877412e-10
  0.0    2370.00     5.0962129e-10
  0.0    2380.00     5.1096677e-10
  0.0    2390.00     5.1312241e-10
  0.0    2400.00     5.1638397e-10
  0.0    2410.00     5.2101559e-10
  0.0    2420.00     5.2723461e-10
  0.0    2430.00     5.3519710e-10
  0.0    2440.00     5.4498530e-10
  0.0    2450.00     5.5659824e-10
  0.0    2460.00     5.6994723e-10
  0.0    2470.00     5.8485779e-10
  0.0    2480.00     6.0107905e-10
  0.0    2490.00     6.1830063e-10
  0.0    2500.00     6.3617575e-10
  0.0    2510.00     6.5434807e-10
  0.0    2520.00     6.7247902e-10
  0.0    2530.00     6.9027190e-10
  0.0    2540.00     7.0748962e-10
  0.0    2550.00     7.2396414e-10
  0.0    2560.00     7.3959712e-10
  0.0    2570.00     7.5435266e-10
  0.0    2580.00     7.6824478e-10
  0.0    2590.00     7.8132206e-10
  0.0    2600.00     7.9365262e-10
  0.0    2610.00     8.0531124e-10
  0.0    2620.00     8.1636996e-10
  0.0    2630.00     8.2689238e-10
  0.0    2640.00     8.3693152e-10
  0.0    2650.00     8.4663975e-10
  0.0    2660.00     8.6179422e-10
  0.0    2670.00     9.3453037e-10
  0.0    2680.00     1.0913610e-09
  0.0    2690.00     1.2015753e-09
  0.0    2700.00     1.2809462e-09
  0.0    2710.00     1.3730839e-09
  0.0    2720.00     1.4837391e-09
  0.0    2730.00     1.6046451e-09
  0.0    2740.00     1.6873792e-09
  0.0    2750.00     1.7184828e-09
  0.0    2760.00     1.7375712e-09
  0.0    2770.00     1.7835852e-09
  0.0    2780.00     1.8468049e-09
  0.0    2790.00     1.8826296e-09
  0.0    2800.00     1.9182454e-09
  0.0    2810.00     2.0366564e-09
  0.0    2820.00     2.2201510e-09
  0.0    2830.00     2.3991702e-09
  0.0    2840.00     2.5273064e-09
  0.0    2850.00     2.6245027e-09
  0.0    2860.00     2.7930254e-09
  0.0    2870.00     3.0605286e-09
  0.0    2880.00     3.3581837e-09
  0.0    2890.00     3.6119532e-09
  0.0    2900.00     3.8223178e-09
  0.0    2910.00     3.9846806e-09
  0.0    2920.00     4.0793851e-09
  0.0    2930.00     4.1439058e-09
  0.0    2940.00     4.2046299e-09
  0.0    2950.00     4.2100731e-09
  0.0    2960.00     4.1094321e-09
  0.0    2970.00     3.9278070e-09
  0.0    2980.00     3.7461462e-09
  0.0    2990.00     3.6331320e-09
  0.0    3000.00     3.6307710e-09
  0.0    3010.00     3.7562531e-09
  0.0    3020.00     3.9413872e-09
  0.0    3030.00     4.1030669e-09
  0.0    3040.00     4.2132395e-09
  0.0    3050.00     4.2952160e-09
  0.0    3060.00     4.3685749e-09
  0.0    3070.00     4.4651398e-09
  0.0    3080.00     4.6394483e-09
  0.0    3090.00     4.8570227e-09
  0.0    3100.00     5.0390062e-09
  0.0    3110.00     5.1445968e-09
  0.0    3120.00     5.1855971e-09
  0.0    3130.00     5.2278200e-09
  0.0    3140.00     5.2399117e-09
  0.0    3150.00     5.1826334e-09
  0.0    3160.00     5.0786296e-09
  0.0    3170.00     4.9508285e-09
  0.0    3180.00     4.7736422e-09
  0.0    3190.00     4.4883710e-09
  0.0    3200.00     4.1229963e-09
  0.0    3210.00     3.8334516e-09
  0.0    3220.00     3.6808408e-09
  0.0    3230.00     3.6082068e-09
  0.0    3240.00     3.5597702e-09
  0.0    3250.00     3.5170295e-09
  0.0    3260.00     3.4879780e-09
  0.0    3270.00     3.4863510e-09
  0.0    3280.00     3.5166441e-09
  0.0    3290.00     3.5786561e-09
  0.0    3300.00     3.6818119e-09
  0.0    3310.00     3.8373139e-09
  0.0    3320.00     4.0325026e-09
  0.0    3330.00     4.2291186e-09
  0.0    3340.00     4.4085716e-09
  0.0    3350.00     4.5897013e-09
  0.0    3360.00     4.7666951e-09
  0.0    3370.00     4.9034511e-09
  0.0    3380.00     5.0033836e-09
  0.0    3390.00     5.1074758e-09
  0.0    3400.00     5.2368276e-09
  0.0    3410.00     5.3806307e-09
  0.0    3420.00     5.5193395e-09
  0.0    3430.00     5.6459411e-09
  0.0    3440.00     5.7763048e-09
  0.0    3450.00     5.9351128e-09
  0.0    3460.00     6.1300310e-09
  0.0    3470.00     6.3521005e-09
  0.0    3480.00     6.5952974e-09
  0.0    3490.00     6.8538138e-09
  0.0    3500.00     7.1070982e-09
  0.0    3510.00     7.3332183e-09
  0.0    3520.00     7.5226192e-09
  0.0    3530.00     7.6717630e-09
  0.0    3540.00     7.7752649e-09
  0.0    3550.00     7.8356798e-09
  0.0    3560.00     7.8678483e-09
  0.0    3570.00     7.8770421e-09
  0.0    3580.00     7.8657494e-09
  0.0    3590.00     7.8337109e-09
  0.0    3600.00     7.7788397e-09
  0.0    3610.00     7.7234811e-09
  0.0    3620.00     7.6899491e-09
  0.0    3630.00     7.6439809e-09
  0.0    3640.00     7.5156235e-09
  0.0    3650.00     7.2519065e-09
  0.0    3660.00     6.8415296e-09
  0.0    3670.00     6.3224678e-09
  0.0    3680.00     5.7647595e-09
  0.0    3690.00     5.2297325e-09
  0.0    3700.00     4.7531967e-09
  0.0    3710.00     4.3756229e-09
  0.0    3720.00     4.1337736e-09
  0.0    3730.00     4.0074137e-09
  0.0    3740.00     3.9492910e-09
  0.0    3750.00     3.9383181e-09
  0.0    3760.00     3.9750962e-09
  0.0    3770.00     4.0596147e-09
  0.0    3780.00     4.1855940e-09
  0.0    3790.00     4.3545223e-09
  0.0    3800.00     4.5914102e-09
  0.0    3810.00     4.9313156e-09
  0.0    3820.00     5.3896455e-09
  0.0    3830.00     5.9615161e-09
  0.0    3840.00     6.6292779e-09
  0.0    3850.00     7.3529779e-09
  0.0    3860.00     8.0683608e-09
  0.0    3870.00     8.7075281e-09
  0.0    3880.00     9.2242011e-09
  0.0    3890.00     9.6049859e-09
  0.0    3900.00     9.8581332e-09
  0.0    3910.00     9.9892762e-09
  0.0    3920.00     9.9949371e-09
  0.0    3930.00     9.8820333e-09
  0.0    3940.00     9.6748221e-09
  0.0    3950.00     9.3944205e-09
  0.0    3960.00     9.0611105e-09
  0.0    3970.00     8.7213020e-09
  0.0    3980.00     8.4448398e-09
  0.0    3990.00     8.2925004e-09
  0.0    4000.00     8.2949431e-09
  0.0    4010.00     8.4441930e-09
  0.0    4020.00     8.6983609e-09
  0.0    4030.00     9.0054910e-09
  0.0    4040.00     9.3182006e-09
  0.0    4050.00     9.5969998e-09
  0.0    4060.00     9.8081360e-09
  0.0    4070.00     9.9195020e-09
  0.0    4080.00     9.9107757e-09
  0.0    4090.00     9.7886401e-09
  0.0    4100.00     9.5853413e-09
  0.0    4110.00     9.3408058e-09
  0.0    4120.00     9.0859871e-09
  0.0    4130.00     8.8392829e-09
  0.0    4140.00     8.6106284e-09
  0.0    4150.00     8.4023485e-09
  0.0    4160.00     8.2059560e-09
  0.0    4170.00     8.0037841e-09
  0.0    4180.00     7.7785340e-09
  0.0    4190.00     7.5230360e-09
  0.0    4200.00     7.2428412e-09
  0.0    4210.00     6.9516026e-09
  0.0    4220.00     6.6631742e-09
  0.0    4230.00     6.3839851e-09
  0.0    4240.00     6.1101290e-09
  0.0    4250.00     5.8351895e-09
  0.0    4260.00     5.5618220e-09
  0.0    4270.00     5.3064791e-09
  0.0    4280.00     5.0939667e-09
  0.0    4290.00     4.9492370e-09
  0.0    4300.00     4.8906950e-09
  0.0    4310.00     4.9228637e-09
  0.0    4320.00     5.0313551e-09
  0.0    4330.00     5.1875631e-09
  0.0    4340.00     5.3613633e-09
  0.0    4350.00     5.5307395e-09
  0.0    4360.00     5.6820362e-09
  0.0    4370.00     5.8048116e-09
  0.0    4380.00     5.8888411e-09
  0.0    4390.00     5.9275480e-09
  0.0    4400.00     5.9254932e-09
  0.0    4410.00     5.9027136e-09
  0.0    4420.00     5.8912821e-09
  0.0    4430.00     5.9234935e-09
  0.0    4440.00     6.0179896e-09
  0.0    4450.00     6.1723519e-09
  0.0    4460.00     6.3655642e-09
  0.0    4470.00     6.5675950e-09
  0.0    4480.00     6.7494955e-09
  0.0    4490.00     6.8899132e-09
  0.0    4500.00     6.9777949e-09
  0.0    4510.00     7.0119645e-09
  0.0    4520.00     6.9987929e-09
  0.0    4530.00     6.9496283e-09
  0.0    4540.00     6.8783108e-09
  0.0    4550.00     6.7984750e-09
  0.0    4560.00     6.7209633e-09
  0.0    4570.00     6.6511619e-09
  0.0    4580.00     6.5864016e-09
  0.0    4590.00     6.5153508e-09
  0.0    4600.00     6.4223162e-09
  0.0    4610.00     6.2947274e-09
  0.0    4620.00     6.1290494e-09
  0.0    4630.00     5.9333567e-09
  0.0    4640.00     5.7253829e-09
  0.0    4650.00     5.5264850e-09
  0.0    4660.00     5.3543011e-09
  0.0    4670.00     5.2173124e-09
  0.0    4680.00     5.1131276e-09
  0.0    4690.00     5.0308581e-09
  0.0    4700.00     4.9564489e-09
  0.0    4710.00     4.8784982e-09
  0.0    4720.00     4.7921141e-09
  0.0    4730.00     4.6996581e-09
  0.0    4740.00     4.6085012e-09
  0.0    4750.00     4.5264646e-09
  0.0    4760.00     4.4563150e-09
  0.0    4770.00     4.3923392e-09
  0.0    4780.00     4.3223393e-09
  0.0    4790.00     4.2338041e-09
  0.0    4800.00     4.1203590e-09
  0.0    4810.00     3.9842142e-09
  0.0    4820.00     3.8344193e-09
  0.0    4830.00     3.6840933e-09
  0.0    4840.00     3.5486231e-09
  0.0    4850.00     3.4437582e-09
  0.0    4860.00     3.3820224e-09
  0.0    4870.00     3.3681829e-09
  0.0    4880.00     3.3962534e-09
  0.0    4890.00     3.4498335e-09
  0.0    4900.00     3.5064534e-09
  0.0    4910.00     3.5467831e-09
  0.0    4920.00     3.5646731e-09
  0.0    4930.00     3.5665264e-09
  0.0    4940.00     3.5608305e-09
  0.0    4950.00     3.5531473e-09
  0.0    4960.00     3.5484644e-09
  0.0    4970.00     3.5524357e-09
  0.0    4980.00     3.5700180e-09
  0.0    4990.00     3.6040556e-09
  0.0    5000.00     3.6549239e-09
  0.0    5010.00     3.7213427e-09
  0.0    5020.00     3.8020589e-09
  0.0    5030.00     3.8966387e-09
  0.0    5040.00     4.0044698e-09
  0.0    5050.00     4.1231368e-09
  0.0    5060.00     4.2476546e-09
  0.0    5070.00     4.3707889e-09
  0.0    5080.00     4.4840369e-09
  0.0    5090.00     4.5790948e-09
  0.0    5100.00     4.6496325e-09
  0.0    5110.00     4.6928730e-09
  0.0    5120.00     4.7104980e-09
  0.0    5130.00     4.7085470e-09
  0.0    5140.00     4.6957990e-09
  0.0    5150.00     4.6804155e-09
  0.0    5160.00     4.6660293e-09
  0.0    5170.00     4.6494814e-09
  0.0    5180.00     4.6214935e-09
  0.0    5190.00     4.5695241e-09
  0.0    5200.00     4.4821769e-09
  0.0    5210.00     4.3539209e-09
  0.0    5220.00     4.1883115e-09
  0.0    5230.00     3.9981592e-09
  0.0    5240.00     3.8024901e-09
  0.0    5250.00     3.6215484e-09
  0.0    5260.00     3.4716920e-09
  0.0    5270.00     3.3619454e-09
  0.0    5280.00     3.2933466e-09
  0.0    5290.00     3.2609630e-09
  0.0    5300.00     3.2570732e-09
  0.0    5310.00     3.2737208e-09
  0.0    5320.00     3.3038304e-09
  0.0    5330.00     3.3409425e-09
  0.0    5340.00     3.3782145e-09
  0.0    5350.00     3.4079590e-09
  0.0    5360.00     3.4224789e-09
  0.0    5370.00     3.4156941e-09
  0.0    5380.00     3.3846004e-09
  0.0    5390.00     3.3299486e-09
  0.0    5400.00     3.2560380e-09
  0.0    5410.00     3.1700668e-09
  0.0    5420.00     3.0815228e-09
  0.0    5430.00     3.0014612e-09
  0.0    5440.00     2.9411979e-09
  0.0    5450.00     2.9104895e-09
  0.0    5460.00     2.9157872e-09
  0.0    5470.00     2.9590478e-09
  0.0    5480.00     3.0373036e-09
  0.0    5490.00     3.1431004e-09
  0.0    5500.00     3.2658577e-09
  0.0    5510.00     3.3937195e-09
  0.0    5520.00     3.5150730e-09
  0.0    5530.00     3.6197879e-09
  0.0    5540.00     3.7009016e-09
  0.0    5550.00     3.7562669e-09
  0.0    5560.00     3.7887029e-09
  0.0    5570.00     3.8041614e-09
  0.0    5580.00     3.8089979e-09
  0.0    5590.00     3.8079063e-09
  0.0    5600.00     3.8032954e-09
  0.0    5610.00     3.7957672e-09
  0.0    5620.00     3.7848902e-09
  0.0    5630.00     3.7697386e-09
  0.0    5640.00     3.7491804e-09
  0.0    5650.00     3.7220811e-09
  0.0    5660.00     3.6874659e-09
  0.0    5670.00     3.6446659e-09
  0.0    5680.00     3.5935823e-09
  0.0    5690.00     3.5350945e-09
  0.0    5700.00     3.4713300e-09
  0.0    5710.00     3.4054783e-09
  0.0    5720.00     3.3412244e-09
  0.0    5730.00     3.2822346e-09
  0.0    5740.00     3.2319795e-09
  0.0    5750.00     3.1937125e-09
  0.0    5760.00     3.1702003e-09
  0.0    5770.00     3.1630817e-09
  0.0    5780.00     3.1721640e-09
  0.0    5790.00     3.1950930e-09
  0.0    5800.00     3.2276281e-09
  0.0    5810.00     3.2644965e-09
  0.0    5820.00     3.3006055e-09
  0.0    5830.00     3.3321725e-09
  0.0    5840.00     3.3572354e-09
  0.0    5850.00     3.3755226e-09
  0.0    5860.00     3.3880704e-09
  0.0    5870.00     3.3969116e-09
  0.0    5880.00     3.4047363e-09
  0.0    5890.00     3.4140332e-09
  0.0    5900.00     3.4257645e-09
  0.0    5910.00     3.4385134e-09
  0.0    5920.00     3.4489833e-09
  0.0    5930.00     3.4534810e-09
  0.0    5940.00     3.4490204e-09
  0.0    5950.00     3.4332030e-09
  0.0    5960.00     3.4033712e-09
  0.0    5970.00     3.3561336e-09
  0.0    5980.00     3.2877895e-09
  0.0    5990.00     3.1953540e-09
  0.0    6000.00     3.0775862e-09
  0.0    6010.00     2.9355969e-09
  0.0    6020.00     2.7729053e-09
  0.0    6030.00     2.5950377e-09
  0.0    6040.00     2.4089009e-09
  0.0    6050.00     2.2221620e-09
  0.0    6060.00     2.0426890e-09
  0.0    6070.00     1.8779135e-09
  0.0    6080.00     1.7341952e-09
  0.0    6090.00     1.6162380e-09
  0.0    6100.00     1.5267800e-09
  0.0    6110.00     1.4667122e-09
  0.0    6120.00     1.4355745e-09
  0.0    6130.00     1.4323218e-09
  0.0    6140.00     1.4561740e-09
  0.0    6150.00     1.5068775e-09
  0.0    6160.00     1.5837183e-09
  0.0    6170.00     1.6839684e-09
  0.0    6180.00     1.8023491e-09
  0.0    6190.00     1.9319525e-09
  0.0    6200.00     2.0656916e-09
  0.0    6210.00     2.1974149e-09
  0.0    6220.00     2.3224411e-09
  0.0    6230.00     2.4375648e-09
  0.0    6240.00     2.5407053e-09
  0.0    6250.00     2.6304875e-09
  0.0    6260.00     2.7060259e-09
  0.0    6270.00     2.7670001e-09
  0.0    6280.00     2.8138734e-09
  0.0    6290.00     2.8479722e-09
  0.0    6300.00     2.8712203e-09
  0.0    6310.00     2.8855742e-09
  0.0    6320.00     2.8924537e-09
  0.0    6330.00     2.8924858e-09
  0.0    6340.00     2.8857097e-09
  0.0    6350.00     2.8720149e-09
  0.0    6360.00     2.8514978e-09
  0.0    6370.00     2.8246136e-09
  0.0    6380.00     2.7921710e-09
  0.0    6390.00     2.7552497e-09
  0.0    6400.00     2.7150547e-09
  0.0    6410.00     2.6727276e-09
  0.0    6420.00     2.6292017e-09
  0.0    6430.00     2.5851925e-09
  0.0    6440.00     2.5413100e-09
  0.0    6450.00     2.4981875e-09
  0.0    6460.00     2.4565339e-09
  0.0    6470.00     2.4170925e-09
  0.0    6480.00     2.3805382e-09
  0.0    6490.00     2.3473513e-09
  0.0    6500.00     2.3176998e-09
  0.0    6510.00     2.2913654e-09
  0.0    6520.00     2.2677313e-09
  0.0    6530.00     2.2458292e-09
  0.0    6540.00     2.2244583e-09
  0.0    6550.00     2.2024248e-09
  0.0    6560.00     2.1789033e-09
  0.0    6570.00     2.1537688e-09
  0.0    6580.00     2.1276482e-09
  0.0    6590.00     2.1015493e-09
  0.0    6600.00     2.0762144e-09
  0.0    6610.00     2.0516240e-09
  0.0    6620.00     2.0269790e-09
  0.0    6630.00     2.0011493e-09
  0.0    6640.00     1.9732826e-09
  0.0    6650.00     1.9432255e-09
  0.0    6660.00     1.9115651e-09
  0.0    6670.00     1.8793130e-09
  0.0    6680.00     1.8474420e-09
  0.0    6690.00     1.8165753e-09
  0.0    6700.00     1.7870094e-09
  0.0    6710.00     1.7589409e-09
  0.0    6720.00     1.7325982e-09
  0.0    6730.00     1.7081720e-09
  0.0    6740.00     1.6857054e-09
  0.0    6750.00     1.6650697e-09
  0.0    6760.00     1.6459862e-09
  0.0    6770.00     1.6280426e-09
  0.0    6780.00     1.6107303e-09
  0.0    6790.00     1.5935372e-09
  0.0    6800.00     1.5760667e-09
  0.0    6810.00     1.5581160e-09
  0.0    6820.00     1.5396801e-09
  0.0    6830.00     1.5209115e-09
  0.0    6840.00     1.5020993e-09
  0.0    6850.00     1.4836744e-09
  0.0    6860.00     1.4661813e-09
  0.0    6870.00     1.4501763e-09
  0.0    6880.00     1.4360642e-09
  0.0    6890.00     1.4239578e-09
  0.0    6900.00     1.4136510e-09
  0.0    6910.00     1.4047221e-09
  0.0    6920.00     1.3967037e-09
  0.0    6930.00     1.3892150e-09
  0.0    6940.00     1.3819922e-09
  0.0    6950.00     1.3748307e-09
  0.0    6960.00     1.3675281e-09
  0.0    6970.00     1.3599046e-09
  0.0    6980.00     1.3518925e-09
  0.0    6990.00     1.3436040e-09
  0.0    7000.00     1.3352948e-09
  0.0    7010.00     1.3272375e-09
  0.0    7020.00     1.3195982e-09
  0.0    7030.00     1.3124031e-09
  0.0    7040.00     1.3055962e-09
  0.0    7050.00     1.2991125e-09
  0.0    7060.00     1.2928903e-09
  0.0    7070.00     1.2868148e-09
  0.0    7080.00     1.2806461e-09
  0.0    7090.00     1.2740001e-09
  0.0    7100.00     1.2664104e-09
  0.0    7110.00     1.2574554e-09
  0.0    7120.00     1.2469164e-09
  0.0    7130.00     1.2349242e-09
  0.0    7140.00     1.2220165e-09
  0.0    7150.00     1.2090182e-09
  0.0    7160.00     1.1967385e-09
  0.0    7170.00     1.1856513e-09
  0.0    7180.00     1.1757700e-09
  0.0    7190.00     1.1667625e-09
  0.0    7200.00     1.1581702e-09
  0.0    7210.00     1.1495903e-09
  0.0    7220.00     1.1407707e-09
  0.0    7230.00     1.1316210e-09
  0.0    7240.00     1.1221545e-09
  0.0    7250.00     1.1123954e-09
  0.0    7260.00     1.1023037e-09
  0.0    7270.00     1.0917587e-09
  0.0    7280.00     1.0806034e-09
  0.0    7290.00     1.0687117e-09
  0.0    7300.00     1.0560387e-09
  0.0    7310.00     1.0426336e-09
  0.0    7320.00     1.0286204e-09
  0.0    7330.00     1.0141542e-09
  0.0    7340.00     9.9936035e-10
  0.0    7350.00     9.8427428e-10
  0.0    7360.00     9.6881473e-10
  0.0    7370.00     9.5282270e-10
  0.0    7380.00     9.3617318e-10
  0.0    7390.00     9.1892649e-10
  0.0    7400.00     9.0145761e-10
  0.0    7410.00     8.8448265e-10
  0.0    7420.00     8.6893075e-10
  0.0    7430.00     8.5564317e-10
  0.0    7440.00     8.4502720e-10
  0.0    7450.00     8.3693697e-10
  0.0    7460.00     8.3091632e-10
  0.0    7470.00     8.2659689e-10
  0.0    7480.00     8.2389139e-10
  0.0    7490.00     8.2286521e-10
  0.0    7500.00     8.2349393e-10
  0.0    7510.00     8.2555331e-10
  0.0    7520.00     8.2869105e-10
  0.0    7530.00     8.3256656e-10
  0.0    7540.00     8.3693610e-10
  0.0    7550.00     8.4164368e-10
  0.0    7560.00     8.4656038e-10
  0.0    7570.00     8.5154265e-10
  0.0    7580.00     8.5644733e-10
  0.0    7590.00     8.6118249e-10
  0.0    7600.00     8.6574237e-10
  0.0    7610.00     8.7019775e-10
  0.0    7620.00     8.7465814e-10
  0.0    7630.00     8.7923852e-10
  0.0    7640.00     8.8404038e-10
  0.0    7650.00     8.8913937e-10
  0.0    7660.00     8.9458206e-10
  0.0    7670.00     9.0040037e-10
  0.0    7680.00     9.0662941e-10
  0.0    7690.00     9.1329683e-10
  0.0    7700.00     9.2037429e-10
  0.0    7710.00     9.2772259e-10
  0.0    7720.00     9.3507881e-10
  0.0    7730.00     9.4212046e-10
  0.0    7740.00     9.4853852e-10
  0.0    7750.00     9.5410928e-10
  0.0    7760.00     9.5872848e-10
  0.0    7770.00     9.6238130e-10
  0.0    7780.00     9.6507032e-10
  0.0    7790.00     9.6674678e-10
  0.0    7800.00     9.6728397e-10
  0.0    7810.00     9.6650132e-10
  0.0    7820.00     9.6421951e-10
  0.0    7830.00     9.6031706e-10
  0.0    7840.00     9.5477063e-10
  0.0    7850.00     9.4767594e-10
  0.0    7860.00     9.3925393e-10
  0.0    7870.00     9.2984142e-10
  0.0    7880.00     9.1985545e-10
  0.0    7890.00     9.0971746e-10
  0.0    7900.00     8.9974350e-10
  0.0    7910.00     8.9005258e-10
  0.0    7920.00     8.8057488e-10
  0.0    7930.00     8.7119789e-10
  0.0    7940.00     8.6197951e-10
  0.0    7950.00     8.5327053e-10
  0.0    7960.00     8.4561153e-10
  0.0    7970.00     8.3941308e-10
  0.0    7980.00     8.3462084e-10
  0.0    7990.00     8.3063957e-10
  0.0    8000.00     8.2660702e-10
  0.0    8010.00     8.2180695e-10
  0.0    8020.00     8.1591853e-10
  0.0    8030.00     8.0899784e-10
  0.0    8040.00     8.0134961e-10
  0.0    8050.00     7.9335168e-10
  0.0    8060.00     7.8526136e-10
  0.0    8070.00     7.7706430e-10
  0.0    8080.00     7.6846577e-10
  0.0    8090.00     7.5905325e-10
  0.0    8100.00     7.4852020e-10
  0.0    8110.00     7.3679975e-10
  0.0    8120.00     7.2405536e-10
  0.0    8130.00     7.1059111e-10
  0.0    8140.00     6.9676779e-10
  0.0    8150.00     6.8295801e-10
  0.0    8160.00     6.6952519e-10
  0.0    8170.00     6.5680453e-10
  0.0    8180.00     6.4508195e-10
  0.0    8190.00     6.3458206e-10
  0.0    8200.00     6.2547787e-10
  0.0    8210.00     6.1792692e-10
  0.0    8220.00     6.1212592e-10
  0.0    8230.00     6.0835983e-10
  0.0    8240.00     6.0700503e-10
  0.0    8250.00     6.0844559e-10
  0.0    8260.00     6.1290657e-10
  0.0    8270.00     6.2029113e-10
  0.0    8280.00     6.3015445e-10
  0.0    8290.00     6.4187061e-10
  0.0    8300.00     6.5489218e-10
  0.0    8310.00     6.6892261e-10
  0.0    8320.00     6.8390668e-10
  0.0    8330.00     6.9989607e-10
  0.0    8340.00     7.1691440e-10
  0.0    8350.00     7.3489779e-10
  0.0    8360.00     7.5370642e-10
  0.0    8370.00     7.7316445e-10
  0.0    8380.00     7.9310746e-10
  0.0    8390.00     8.1338407e-10
  0.0    8400.00     8.3382376e-10
  0.0    8410.00     8.5421845e-10
  0.0    8420.00     8.7431716e-10
  0.0    8430.00     8.9383640e-10
  0.0    8440.00     9.1248063e-10
  0.0    8450.00     9.2996399e-10
  0.0    8460.00     9.4602918e-10
  0.0    8470.00     9.6046284e-10
  0.0    8480.00     9.7310896e-10
  0.0    8490.00     9.8388039e-10
  0.0    8500.00     9.9276719e-10
  0.0    8510.00     9.9983740e-10
  0.0    8520.00     1.0052282e-09
  0.0    8530.00     1.0091239e-09
  0.0    8540.00     1.0117253e-09
  0.0    8550.00     1.0132174e-09
  0.0    8560.00     1.0137441e-09
  0.0    8570.00     1.0134002e-09
  0.0    8580.00     1.0122412e-09
  0.0    8590.00     1.0103051e-09
  0.0    8600.00     1.0076376e-09
  0.0    8610.00     1.0043081e-09
  0.0    8620.00     1.0004124e-09
  0.0    8630.00     9.9606144e-10
  0.0    8640.00     9.9136284e-10
  0.0    8650.00     9.8640263e-10
  0.0    8660.00     9.8123271e-10
  0.0    8670.00     9.7586624e-10
  0.0    8680.00     9.7027783e-10
  0.0    8690.00     9.6440439e-10
  0.0    8700.00     9.5812699e-10
  0.0    8710.00     9.5129444e-10
  0.0    8720.00     9.4375336e-10
  0.0    8730.00     9.3536884e-10
  0.0    8740.00     9.2604757e-10
  0.0    8750.00     9.1575613e-10
  0.0    8760.00     9.0453129e-10
  0.0    8770.00     8.9247833e-10
  0.0    8780.00     8.7976026e-10
  0.0    8790.00     8.6658097e-10
  0.0    8800.00     8.5316692e-10
  0.0    8810.00     8.3975026e-10
  0.0    8820.00     8.2655561e-10
  0.0    8830.00     8.1379107e-10
  0.0    8840.00     8.0164339e-10
  0.0    8850.00     7.9027623e-10
  0.0    8860.00     7.7982950e-10
  0.0    8870.00     7.7041769e-10
  0.0    8880.00     7.6212550e-10
  0.0    8890.00     7.5499961e-10
  0.0    8900.00     7.4903723e-10
  0.0    8910.00     7.4417445e-10
  0.0    8920.00     7.4027970e-10
  0.0    8930.00     7.3715587e-10
  0.0    8940.00     7.3454821e-10
  0.0    8950.00     7.3215162e-10
  0.0    8960.00     7.2962003e-10
  0.0    8970.00     7.2659787e-10
  0.0    8980.00     7.2279684e-10
  0.0    8990.00     7.1810675e-10
  0.0    9000.00     7.1267717e-10
  0.0    9010.00     7.0689166e-10
  0.0    9020.00     7.0121913e-10
  0.0    9030.00     6.9602365e-10
  0.0    9040.00     6.9145135e-10
  0.0    9050.00     6.8745713e-10
  0.0    9060.00     6.8392745e-10
  0.0    9070.00     6.8077407e-10
  0.0    9080.00     6.7797369e-10
  0.0    9090.00     6.7554678e-10
  0.0    9100.00     6.7351192e-10
  0.0    9110.00     6.7185443e-10
  0.0    9120.00     6.7052512e-10
  0.0    9130.00     6.6946172e-10
  0.0    9140.00     6.6861437e-10
  0.0    9150.00     6.6795855e-10
  0.0    9160.00     6.6748840e-10
  0.0    9170.00     6.6719514e-10
  0.0    9180.00     6.6704205e-10
  0.0    9190.00     6.6694759e-10
  0.0    9200.00     6.6678217e-10
  0.0    9210.00     6.6637596e-10
  0.0    9220.00     6.6552989e-10
  0.0    9230.00     6.6402204e-10
  0.0    9240.00     6.6160936e-10
  0.0    9250.00     6.5803903e-10
  0.0    9260.00     6.5309395e-10
  0.0    9270.00     6.4668555e-10
  0.0    9280.00     6.3896501e-10
  0.0    9290.00     6.3037928e-10
  0.0    9300.00     6.2160061e-10
  0.0    9310.00     6.1333177e-10
  0.0    9320.00     6.0608206e-10
  0.0    9330.00     6.0003752e-10
  0.0    9340.00     5.9508233e-10
  0.0    9350.00     5.9092898e-10
  0.0    9360.00     5.8726424e-10
  0.0    9370.00     5.8384200e-10
  0.0    9380.00     5.8050912e-10
  0.0    9390.00     5.7718926e-10
  0.0    9400.00     5.7385470e-10
  0.0    9410.00     5.7050342e-10
  0.0    9420.00     5.6713896e-10
  0.0    9430.00     5.6376350e-10
  0.0    9440.00     5.6038320e-10
  0.0    9450.00     5.5700752e-10
  0.0    9460.00     5.5364867e-10
  0.0    9470.00     5.5032104e-10
  0.0    9480.00     5.4704068e-10
  0.0    9490.00     5.4382457e-10
  0.0    9500.00     5.4069011e-10
  0.0    9510.00     5.3765440e-10
  0.0    9520.00     5.3473375e-10
  0.0    9530.00     5.3194313e-10
  0.0    9540.00     5.2929582e-10
  0.0    9550.00     5.2680310e-10
  0.0    9560.00     5.2447404e-10
  0.0    9570.00     5.2231543e-10
  0.0    9580.00     5.2033179e-10
  0.0    9590.00     5.1852549e-10
  0.0    9600.00     5.1689687e-10
  0.0    9610.00     5.1544455e-10
  0.0    9620.00     5.1416569e-10
  0.0    9630.00     5.1305634e-10
  0.0    9640.00     5.1211182e-10
  0.0    9650.00     5.1132705e-10
  0.0    9660.00     5.0957281e-10
  0.0    9670.00     5.0739260e-10
  0.0    9680.00     5.0523169e-10
  0.0    9690.00     5.0308420e-10
  0.0    9700.00     5.0094507e-10
  0.0    9710.00     4.9881014e-10
  0.0    9720.00     4.9667629e-10
  0.0    9730.00     4.9454139e-10
  0.0    9740.00     4.9240428e-10
  0.0    9750.00     4.9026464e-10
  0.0    9760.00     4.8812288e-10
  0.0    9770.00     4.8597999e-10
  0.0    9780.00     4.8383736e-10
  0.0    9790.00     4.8169666e-10
  0.0    9800.00     4.7955962e-10
  0.0    9810.00     4.7742796e-10
  0.0    9820.00     4.7530323e-10
  0.0    9830.00     4.7318674e-10
  0.0    9840.00     4.7107943e-10
  0.0    9850.00     4.6898184e-10
  0.0    9860.00     4.6689407e-10
  0.0    9870.00     4.6481569e-10
  0.0    9880.00     4.6274575e-10
  0.0    9890.00     4.6068277e-10
  0.0    9900.00     4.5862466e-10
  0.0    9910.00     4.5656881e-10
  0.0    9920.00     4.5451204e-10
  0.0    9930.00     4.5245061e-10
  0.0    9940.00     4.5038031e-10
  0.0    9950.00     4.4829648e-10
  0.0    9960.00     4.4619407e-10
  0.0    9970.00     4.4406776e-10
  0.0    9980.00     4.4191203e-10
  0.0    9990.00     4.3972135e-10
  0.0   10000.00     4.3749028e-10
  0.0   10010.00     4.3521362e-10
  0.0   10020.00     4.3288664e-10
  0.0   10030.00     4.3050520e-10
  0.0   10040.00     4.2806594e-10
  0.0   10050.00     4.2556643e-10
  0.0   10060.00     4.2300527e-10
  0.0   10070.00     4.2038221e-10
  0.0   10080.00     4.1769816e-10
  0.0   10090.00     4.1495521e-10
  0.0   10100.00     4.1215657e-10
  0.0   10110.00     4.0930642e-10
  0.0   10120.00     4.0640981e-10
  0.0   10130.00     4.0347242e-10
  0.0   10140.00     4.0050038e-10
  0.0   10150.00     3.9749998e-10
  0.0   10160.00     3.9447751e-10
  0.0   10170.00     3.9143900e-10
  0.0   10180.00     3.8839006e-10
  0.0   10190.00     3.8533578e-10
  0.0   10200.00     3.8228063e-10
  0.0   10210.00     3.7922846e-10
  0.0   10220.00     3.7618256e-10
  0.0   10230.00     3.7314578e-10
  0.0   10240.00     3.7012066e-10
  0.0   10250.00     3.6710964e-10
  0.0   10260.00     3.6411527e-10
  0.0   10270.00     3.6114044e-10
  0.0   10280.00     3.5818858e-10
  0.0   10290.00     3.5526384e-10
  0.0   10300.00     3.5237126e-10
  0.0   10310.00     3.4951685e-10
  0.0   10320.00     3.4670767e-10
  0.0   10330.00     3.4395186e-10
  0.0   10340.00     3.4125863e-10
  0.0   10350.00     3.3863814e-10
  0.0   10360.00     3.3610119e-10
  0.0   10370.00     3.3365913e-10
  0.0   10380.00     3.3132355e-10
  0.0   10390.00     3.2910608e-10
  0.0   10400.00     3.2701808e-10
  0.0   10410.00     3.2507039e-10
  0.0   10420.00     3.2327304e-10
  0.0   10430.00     3.2163494e-10
  0.0   10440.00     3.2016368e-10
  0.0   10450.00     3.1886527e-10
  0.0   10460.00     3.1774391e-10
  0.0   10470.00     3.1680187e-10
  0.0   10480.00     3.1603939e-10
  0.0   10490.00     3.1545457e-10
  0.0   10500.00     3.1504349e-10
  0.0   10510.00     3.1480016e-10
  0.0   10520.00     3.1471675e-10
  0.0   10530.00     3.1478377e-10
  0.0   10540.00     3.1499033e-10
  0.0   10550.00     3.1532439e-10
  0.0   10560.00     3.1577315e-10
  0.0   10570.00     3.1632331e-10
  0.0   10580.00     3.1696142e-10
  0.0   10590.00     3.1767415e-10
  0.0   10600.00     3.1844860e-10
  0.0   10610.00     3.1927247e-10
  0.0   10620.00     3.2013427e-10
  0.0   10630.00     3.2102339e-10
  0.0   10640.00     3.2193029e-10
  0.0   10650.00     3.2284644e-10
  0.0   10660.00     3.2376445e-10
  0.0   10670.00     3.2467806e-10
  0.0   10680.00     3.2558217e-10
  0.0   10690.00     3.2647287e-10
  0.0   10700.00     3.2734755e-10
  0.0   10710.00     3.2820488e-10
  0.0   10720.00     3.2904493e-10
  0.0   10730.00     3.2986918e-10
  0.0   10740.00     3.3068055e-10
  0.0   10750.00     3.3148333e-10
  0.0   10760.00     3.3228307e-10
  0.0   10770.00     3.3308639e-10
  0.0   10780.00     3.3390061e-10
  0.0   10790.00     3.3473337e-10
  0.0   10800.00     3.3559213e-10
  0.0   10810.00     3.3648358e-10
  0.0   10820.00     3.3741302e-10
  0.0   10830.00     3.3838386e-10
  0.0   10840.00     3.3939699e-10
  0.0   10850.00     3.4045043e-10
  0.0   10860.00     3.4153908e-10
  0.0   10870.00     3.4265465e-10
  0.0   10880.00     3.4378579e-10
  0.0   10890.00     3.4491853e-10
  0.0   10900.00     3.4603673e-10
  0.0   10910.00     3.4712289e-10
  0.0   10920.00     3.4815898e-10
  0.0   10930.00     3.4912723e-10
  0.0   10940.00     3.5001110e-10
  0.0   10950.00     3.5079596e-10
  0.0   10960.00     3.5146979e-10
  0.0   10970.00     3.5202358e-10
  0.0   10980.00     3.5245162e-10
  0.0   10990.00     3.5275150e-10
  0.0   11000.00     3.5292397e-10
  0.0   11010.00     3.5297256e-10
  0.0   11020.00     3.5290315e-10
  0.0   11030.00     3.5272337e-10
  0.0   11040.00     3.5244203e-10
  0.0   11050.00     3.5206851e-10
  0.0   11060.00     3.5161222e-10
  0.0   11070.00     3.5108214e-10
  0.0   11080.00     3.5048645e-10
  0.0   11090.00     3.4983230e-10
  0.0   11100.00     3.4912568e-10
  0.0   11110.00     3.4837134e-10
  0.0   11120.00     3.4757291e-10
  0.0   11130.00     3.4673298e-10
  0.0   11140.00     3.4585331e-10
  0.0   11150.00     3.4493502e-10
  0.0   11160.00     3.4397880e-10
  0.0   11170.00     3.4298518e-10
  0.0   11180.00     3.4195467e-10
  0.0   11190.00     3.4088799e-10
  0.0   11200.00     3.3978617e-10
  0.0   11210.00     3.3865067e-10
  0.0   11220.00     3.3748348e-10
  0.0   11230.00     3.3628713e-10
  0.0   11240.00     3.3506470e-10
  0.0   11250.00     3.3381985e-10
  0.0   11260.00     3.3255668e-10
  0.0   11270.00     3.3127977e-10
  0.0   11280.00     3.2999402e-10
  0.0   11290.00     3.2870458e-10
  0.0   11300.00     3.2741678e-10
  0.0   11310.00     3.2613596e-10
  0.0   11320.00     3.2486740e-10
  0.0   11330.00     3.2361616e-10
  0.0   11340.00     3.2238701e-10
  0.0   11350.00     3.2118431e-10
  0.0   11360.00     3.2001186e-10
  0.0   11370.00     3.1887288e-10
  0.0   11380.00     3.1776987e-10
  0.0   11390.00     3.1670458e-10
  0.0   11400.00     3.1567795e-10
  0.0   11410.00     3.1469008e-10
  0.0   11420.00     3.1374021e-10
  0.0   11430.00     3.1282675e-10
  0.0   11440.00     3.1194733e-10
  0.0   11450.00     3.1109882e-10
  0.0   11460.00     3.1027741e-10
  0.0   11470.00     3.0947873e-10
  0.0   11480.00     3.0869795e-10
  0.0   11490.00     3.0792991e-10
  0.0   11500.00     3.0716925e-10
  0.0   11510.00     3.0641053e-10
  0.0   11520.00     3.0564845e-10
  0.0   11530.00     3.0487790e-10
  0.0   11540.00     3.0409415e-10
  0.0   11550.00     3.0329295e-10
  0.0   11560.00     3.0247066e-10
  0.0   11570.00     3.0162430e-10
  0.0   11580.00     3.0075162e-10
  0.0   11590.00     2.9985116e-10
  0.0   11600.00     2.9892222e-10
  0.0   11610.00     2.9796489e-10
  0.0   11620.00     2.9697997e-10
  0.0   11630.00     2.9596890e-10
  0.0   11640.00     2.9493371e-10
  0.0   11650.00     2.9387691e-10
  0.0   11660.00     2.9280135e-10
  0.0   11670.00     2.9171016e-10
  0.0   11680.00     2.9060658e-10
  0.0   11690.00     2.8949391e-10
  0.0   11700.00     2.8837534e-10
  0.0   11710.00     2.8725392e-10
  0.0   11720.00     2.8613247e-10
  0.0   11730.00     2.8501352e-10
  0.0   11740.00     2.8389927e-10
  0.0   11750.00     2.8279157e-10
  0.0   11760.00     2.8169195e-10
  0.0   11770.00     2.8060159e-10
  0.0   11780.00     2.7952135e-10
  0.0   11790.00     2.7845186e-10
  0.0   11800.00     2.7739348e-10
  0.0   11810.00     2.7634642e-10
  0.0   11820.00     2.7531077e-10
  0.0   11830.00     2.7428652e-10
  0.0   11840.00     2.7327365e-10
  0.0   11850.00     2.7227214e-10
  0.0   11860.00     2.7128206e-10
  0.0   11870.00     2.7030354e-10
  0.0   11880.00     2.6933683e-10
  0.0   11890.00     2.6838236e-10
  0.0   11900.00     2.6744068e-10
  0.0   11910.00     2.6651253e-10
  0.0   11920.00     2.6559885e-10
  0.0   11930.00     2.6470074e-10
  0.0   11940.00     2.6381948e-10
  0.0   11950.00     2.6295656e-10
  0.0   11960.00     2.6211360e-10
  0.0   11970.00     2.6129239e-10
  0.0   11980.00     2.6049484e-10
  0.0   11990.00     2.5972298e-10
  0.0   12000.00     2.5897890e-10
  0.0   12010.00     2.5826471e-10
  0.0   12020.00     2.5758257e-10
  0.0   12030.00     2.5693454e-10
  0.0   12040.00     2.5632260e-10
  0.0   12050.00     2.5574862e-10
  0.0   12060.00     2.5521422e-10
  0.0   12070.00     2.5472085e-10
  0.0   12080.00     2.5426963e-10
  0.0   12090.00     2.5386142e-10
  0.0   12100.00     2.5349671e-10
  0.0   12110.00     2.5317564e-10
  0.0   12120.00     2.5289802e-10
  0.0   12130.00     2.5266327e-10
  0.0   12140.00     2.5247052e-10
  0.0   12150.00     2.5231855e-10
  0.0   12160.00     2.5220592e-10
  0.0   12170.00     2.5213092e-10
  0.0   12180.00     2.5209171e-10
  0.0   12190.00     2.5208629e-10
  0.0   12200.00     2.5211260e-10
  0.0   12210.00     2.5216858e-10
  0.0   12220.00     2.5225215e-10
  0.0   12230.00     2.5236129e-10
  0.0   12240.00     2.5249406e-10
  0.0   12250.00     2.5264859e-10
  0.0   12260.00     2.5282308e-10
  0.0   12270.00     2.5301581e-10
  0.0   12280.00     2.5322508e-10
  0.0   12290.00     2.5344924e-10
  0.0   12300.00     2.5368658e-10
  0.0   12310.00     2.5393536e-10
  0.0   12320.00     2.5419372e-10
  0.0   12330.00     2.5445966e-10
  0.0   12340.00     2.5473101e-10
  0.0   12350.00     2.5500540e-10
  0.0   12360.00     2.5528028e-10
  0.0   12370.00     2.5555282e-10
  0.0   12380.00     2.5581999e-10
  0.0   12390.00     2.5607852e-10
  0.0   12400.00     2.5632497e-10
  0.0   12410.00     2.5655567e-10
  0.0   12420.00     2.5676680e-10
  0.0   12430.00     2.5695443e-10
  0.0   12440.00     2.5711456e-10
  0.0   12450.00     2.5724323e-10
  0.0   12460.00     2.5733647e-10
  0.0   12470.00     2.5739044e-10
  0.0   12480.00     2.5740143e-10
  0.0   12490.00     2.5736595e-10
  0.0   12500.00     2.5728073e-10
  0.0   12510.00     2.5714281e-10
  0.0   12520.00     2.5694952e-10
  0.0   12530.00     2.5669860e-10
  0.0   12540.00     2.5638817e-10
  0.0   12550.00     2.5601675e-10
  0.0   12560.00     2.5558333e-10
  0.0   12570.00     2.5508736e-10
  0.0   12580.00     2.5452872e-10
  0.0   12590.00     2.5390776e-10
  0.0   12600.00     2.5322528e-10
  0.0   12610.00     2.5248250e-10
  0.0   12620.00     2.5168104e-10
  0.0   12630.00     2.5082288e-10
  0.0   12640.00     2.4991035e-10
  0.0   12650.00     2.4894604e-10
  0.0   12660.00     2.4793278e-10
  0.0   12670.00     2.4687362e-10
  0.0   12680.00     2.4577173e-10
  0.0   12690.00     2.4463039e-10
  0.0   12700.00     2.4345295e-10
  0.0   12710.00     2.4224280e-10
  0.0   12720.00     2.4100332e-10
  0.0   12730.00     2.3973788e-10
  0.0   12740.00     2.3844983e-10
  0.0   12750.00     2.3714246e-10
  0.0   12760.00     2.3581905e-10
  0.0   12770.00     2.3448284e-10
  0.0   12780.00     2.3313700e-10
  0.0   12790.00     2.3178472e-10
  0.0   12800.00     2.3042911e-10
  0.0   12810.00     2.2907327e-10
  0.0   12820.00     2.2772029e-10
  0.0   12830.00     2.2637314e-10
  0.0   12840.00     2.2503478e-10
  0.0   12850.00     2.2370805e-10
  0.0   12860.00     2.2239567e-10
  0.0   12870.00     2.2110018e-10
  0.0   12880.00     2.1982393e-10
  0.0   12890.00     2.1856902e-10
  0.0   12900.00     2.1733727e-10
  0.0   12910.00     2.1613018e-10
  0.0   12920.00     2.1494889e-10
  0.0   12930.00     2.1379417e-10
  0.0   12940.00     2.1266642e-10
  0.0   12950.00     2.1156564e-10
  0.0   12960.00     2.1049146e-10
  0.0   12970.00     2.0944317e-10
  0.0   12980.00     2.0841975e-10
  0.0   12990.00     2.0741993e-10
  0.0   13000.00     2.0644224e-10
  0.0   13010.00     2.0548509e-10
  0.0   13020.00     2.0454684e-10
  0.0   13030.00     2.0362582e-10
  0.0   13040.00     2.0272051e-10
  0.0   13050.00     2.0182950e-10
  0.0   13060.00     2.0095160e-10
  0.0   13070.00     2.0008588e-10
  0.0   13080.00     1.9923165e-10
  0.0   13090.00     1.9838856e-10
  0.0   13100.00     1.9755653e-10
  0.0   13110.00     1.9673574e-10
  0.0   13120.00     1.9592661e-10
  0.0   13130.00     1.9512979e-10
  0.0   13140.00     1.9434601e-10
  0.0   13150.00     1.9357612e-10
  0.0   13160.00     1.9282096e-10
  0.0   13170.00     1.9208132e-10
  0.0   13180.00     1.9135785e-10
  0.0   13190.00     1.9065106e-10
  0.0   13200.00     1.8996120e-10
  0.0   13210.00     1.8928828e-10
  0.0   13220.00     1.8863204e-10
  0.0   13230.00     1.8799193e-10
  0.0   13240.00     1.8736712e-10
  0.0   13250.00     1.8675650e-10
  0.0   13260.00     1.8615875e-10
  0.0   13270.00     1.8557233e-10
  0.0   13280.00     1.8499557e-10
  0.0   13290.00     1.8442668e-10
  0.0   13300.00     1.8386379e-10
  0.0   13310.00     1.8330505e-10
  0.0   13320.00     1.8274863e-10
  0.0   13330.00     1.8219276e-10
  0.0   13340.00     1.8163579e-10
  0.0   13350.00     1.8107620e-10
  0.0   13360.00     1.8051260e-10
  0.0   13370.00     1.7994378e-10
  0.0   13380.00     1.7936871e-10
  0.0   13390.00     1.7878650e-10
  0.0   13400.00     1.7819645e-10
  0.0   13410.00     1.7759802e-10
  0.0   13420.00     1.7699080e-10
  0.0   13430.00     1.7637455e-10
  0.0   13440.00     1.7574911e-10
  0.0   13450.00     1.7511447e-10
  0.0   13460.00     1.7447069e-10
  0.0   13470.00     1.7381793e-10
  0.0   13480.00     1.7315642e-10
  0.0   13490.00     1.7248644e-10
  0.0   13500.00     1.7180835e-10
  0.0   13510.00     1.7112251e-10
  0.0   13520.00     1.7042937e-10
  0.0   13530.00     1.6972936e-10
  0.0   13540.00     1.6902296e-10
  0.0   13550.00     1.6831065e-10
  0.0   13560.00     1.6759293e-10
  0.0   13570.00     1.6687033e-10
  0.0   13580.00     1.6614334e-10
  0.0   13590.00     1.6541250e-10
  0.0   13600.00     1.6467830e-10
  0.0   13610.00     1.6394128e-10
  0.0   13620.00     1.6320194e-10
  0.0   13630.00     1.6246079e-10
  0.0   13640.00     1.6171834e-10
  0.0   13650.00     1.6097508e-10
  0.0   13660.00     1.6023151e-10
  0.0   13670.00     1.5948812e-10
  0.0   13680.00     1.5874540e-10
  0.0   13690.00     1.5800382e-10
  0.0   13700.00     1.5726386e-10
  0.0   13710.00     1.5652596e-10
  0.0   13720.00     1.5579058e-10
  0.0   13730.00     1.5505815e-10
  0.0   13740.00     1.5432907e-10
  0.0   13750.00     1.5360374e-10
  0.0   13760.00     1.5288250e-10
  0.0   13770.00     1.5216568e-10
  0.0   13780.00     1.5145357e-10
  0.0   13790.00     1.5074640e-10
  0.0   13800.00     1.5004440e-10
  0.0   13810.00     1.4934770e-10
  0.0   13820.00     1.4865642e-10
  0.0   13830.00     1.4797061e-10
  0.0   13840.00     1.4729028e-10
  0.0   13850.00     1.4661538e-10
  0.0   13860.00     1.4594582e-10
  0.0   13870.00     1.4528145e-10
  0.0   13880.00     1.4462210e-10
  0.0   13890.00     1.4396753e-10
  0.0   13900.00     1.4331749e-10
  0.0   13910.00     1.4267166e-10
  0.0   13920.00     1.4202972e-10
  0.0   13930.00     1.4139132e-10
  0.0   13940.00     1.4075606e-10
  0.0   13950.00     1.4012358e-10
  0.0   13960.00     1.3949346e-10
  0.0   13970.00     1.3886530e-10
  0.0   13980.00     1.3823872e-10
  0.0   13990.00     1.3761335e-10
  0.0   14000.00     1.3698884e-10
  0.0   14010.00     1.3636488e-10
  0.0   14020.00     1.3574122e-10
  0.0   14030.00     1.3511768e-10
  0.0   14040.00     1.3449411e-10
  0.0   14050.00     1.3387049e-10
  0.0   14060.00     1.3324686e-10
  0.0   14070.00     1.3262336e-10
  0.0   14080.00     1.3200024e-10
  0.0   14090.00     1.3137783e-10
  0.0   14100.00     1.3075658e-10
  0.0   14110.00     1.3013702e-10
  0.0   14120.00     1.2951976e-10
  0.0   14130.00     1.2890549e-10
  0.0   14140.00     1.2829495e-10
  0.0   14150.00     1.2768894e-10
  0.0   14160.00     1.2708825e-10
  0.0   14170.00     1.2649370e-10
  0.0   14180.00     1.2590607e-10
  0.0   14190.00     1.2532611e-10
  0.0   14200.00     1.2475452e-10
  0.0   14210.00     1.2419189e-10
  0.0   14220.00     1.2363876e-10
  0.0   14230.00     1.2309554e-10
  0.0   14240.00     1.2256254e-10
  0.0   14250.00     1.2203997e-10
  0.0   14260.00     1.2152789e-10
  0.0   14270.00     1.2102629e-10
  0.0   14280.00     1.2053505e-10
  0.0   14290.00     1.2005396e-10
  0.0   14300.00     1.1958275e-10
  0.0   14310.00     1.1912110e-10
  0.0   14320.00     1.1866864e-10
  0.0   14330.00     1.1822500e-10
  0.0   14340.00     1.1778982e-10
  0.0   14350.00     1.1736274e-10
  0.0   14360.00     1.1694346e-10
  0.0   14370.00     1.1653171e-10
  0.0   14380.00     1.1612730e-10
  0.0   14390.00     1.1573008e-10
  0.0   14400.00     1.1533998e-10
  0.0   14410.00     1.1495696e-10
  0.0   14420.00     1.1458108e-10
  0.0   14430.00     1.1421240e-10
  0.0   14440.00     1.1385104e-10
  0.0   14450.00     1.1349713e-10
  0.0   14460.00     1.1315081e-10
  0.0   14470.00     1.1281219e-10
  0.0   14480.00     1.1248139e-10
  0.0   14490.00     1.1215846e-10
  0.0   14500.00     1.1184342e-10
  0.0   14510.00     1.1153623e-10
  0.0   14520.00     1.1123677e-10
  0.0   14530.00     1.1094487e-10
  0.0   14540.00     1.1066025e-10
  0.0   14550.00     1.1038260e-10
  0.0   14560.00     1.1011149e-10
  0.0   14570.00     1.0984646e-10
  0.0   14580.00     1.0958697e-10
  0.0   14590.00     1.0933242e-10
  0.0   14600.00     1.0908219e-10
  0.0   14610.00     1.0883562e-10
  0.0   14620.00     1.0859205e-10
  0.0   14630.00     1.0835082e-10
  0.0   14640.00     1.0811130e-10
  0.0   14650.00     1.0787292e-10
  0.0   14660.00     1.0763515e-10
  0.0   14670.00     1.0739759e-10
  0.0   14680.00     1.0715992e-10
  0.0   14690.00     1.0692195e-10
  0.0   14700.00     1.0668361e-10
  0.0   14710.00     1.0644499e-10
  0.0   14720.00     1.0620631e-10
  0.0   14730.00     1.0596792e-10
  0.0   14740.00     1.0573029e-10
  0.0   14750.00     1.0549404e-10
  0.0   14760.00     1.0525985e-10
  0.0   14770.00     1.0502847e-10
  0.0   14780.00     1.0480071e-10
  0.0   14790.00     1.0457737e-10
  0.0   14800.00     1.0435928e-10
  0.0   14810.00     1.0414721e-10
  0.0   14820.00     1.0394188e-10
  0.0   14830.00     1.0374395e-10
  0.0   14840.00     1.0355397e-10
  0.0   14850.00     1.0337241e-10
  0.0   14860.00     1.0319962e-10
  0.0   14870.00     1.0303587e-10
  0.0   14880.00     1.0288130e-10
  0.0   14890.00     1.0273598e-10
  0.0   14900.00     1.0259989e-10
  0.0   14910.00     1.0247290e-10
  0.0   14920.00     1.0235485e-10
  0.0   14930.00     1.0224549e-10
  0.0   14940.00     1.0214455e-10
  0.0   14950.00     1.0205170e-10
  0.0   14960.00     1.0196658e-10
  0.0   14970.00     1.0188880e-10
  0.0   14980.00     1.0181795e-10
  0.0   14990.00     1.0175356e-10
  0.0   15000.00     1.0169518e-10
  0.0   15010.00     1.0164229e-10
  0.0   15020.00     1.0159435e-10
  0.0   15030.00     1.0155079e-10
  0.0   15040.00     1.0151096e-10
  0.0   15050.00     1.0147420e-10
  0.0   15060.00     1.0143977e-10
  0.0   15070.00     1.0140687e-10
  0.0   15080.00     1.0137465e-10
  0.0   15090.00     1.0134219e-10
  0.0   15100.00     1.0130852e-10
  0.0   15110.00     1.0127259e-10
  0.0   15120.00     1.0123331e-10
  0.0   15130.00     1.0118954e-10
  0.0   15140.00     1.0114010e-10
  0.0   15150.00     1.0108380e-10
  0.0   15160.00     1.0101941e-10
  0.0   15170.00     1.0094572e-10
  0.0   15180.00     1.0086154e-10
  0.0   15190.00     1.0076569e-10
  0.0   15200.00     1.0065707e-10
  0.0   15210.00     1.0053464e-10
  0.0   15220.00     1.0039743e-10
  0.0   15230.00     1.0024457e-10
  0.0   15240.00     1.0007533e-10
  0.0   15250.00     9.9889088e-11
  0.0   15260.00     9.9685345e-11
  0.0   15270.00     9.9463759e-11
  0.0   15280.00     9.9224129e-11
  0.0   15290.00     9.8966411e-11
  0.0   15300.00     9.8690701e-11
  0.0   15310.00     9.8397235e-11
  0.0   15320.00     9.8086395e-11
  0.0   15330.00     9.7758686e-11
  0.0   15340.00     9.7414735e-11
  0.0   15350.00     9.7055279e-11
  0.0   15360.00     9.6681134e-11
  0.0   15370.00     9.6293208e-11
  0.0   15380.00     9.5892468e-11
  0.0   15390.00     9.5479930e-11
  0.0   15400.00     9.5056645e-11
  0.0   15410.00     9.4623679e-11
  0.0   15420.00     9.4182112e-11
  0.0   15430.00     9.3733011e-11
  0.0   15440.00     9.3277429e-11
  0.0   15450.00     9.2816389e-11
  0.0   15460.00     9.2350875e-11
  0.0   15470.00     9.1881826e-11
  0.0   15480.00     9.1410125e-11
  0.0   15490.00     9.0936596e-11
  0.0   15500.00     9.0461994e-11
  0.0   15510.00     8.9987002e-11
  0.0   15520.00     8.9512229e-11
  0.0   15530.00     8.9038200e-11
  0.0   15540.00     8.8565361e-11
  0.0   15550.00     8.8094072e-11
  0.0   15560.00     8.7624609e-11
  0.0   15570.00     8.7157164e-11
  0.0   15580.00     8.6691847e-11
  0.0   15590.00     8.6228691e-11
  0.0   15600.00     8.5767657e-11
  0.0   15610.00     8.5308641e-11
  0.0   15620.00     8.4851484e-11
  0.0   15630.00     8.4395983e-11
  0.0   15640.00     8.3941903e-11
  0.0   15650.00     8.3488994e-11
  0.0   15660.00     8.3037002e-11
  0.0   15670.00     8.2585691e-11
  0.0   15680.00     8.2134855e-11
  0.0   15690.00     8.1684337e-11
  0.0   15700.00     8.1234046e-11
  0.0   15710.00     8.0783969e-11
  0.0   15720.00     8.0334187e-11
  0.0   15730.00     7.9884887e-11
  0.0   15740.00     7.9436369e-11
  0.0   15750.00     7.8989052e-11
  0.0   15760.00     7.8543482e-11
  0.0   15770.00     7.8100325e-11
  0.0   15780.00     7.7660369e-11
  0.0   15790.00     7.7224519e-11
  0.0   15800.00     7.6793785e-11
  0.0   15810.00     7.6369271e-11
  0.0   15820.00     7.5952163e-11
  0.0   15830.00     7.5543713e-11
  0.0   15840.00     7.5145222e-11
  0.0   15850.00     7.4758020e-11
  0.0   15860.00     7.4383450e-11
  0.0   15870.00     7.4022847e-11
  0.0   15880.00     7.3677522e-11
  0.0   15890.00     7.3348739e-11
  0.0   15900.00     7.3037702e-11
  0.0   15910.00     7.2745541e-11
  0.0   15920.00     7.2473291e-11
  0.0   15930.00     7.2221885e-11
  0.0   15940.00     7.1992142e-11
  0.0   15950.00     7.1784760e-11
  0.0   15960.00     7.1600308e-11
  0.0   15970.00     7.1439224e-11
  0.0   15980.00     7.1301813e-11
  0.0   15990.00     7.1188249e-11
  0.0   16000.00     7.1098580e-11
  0.0   16010.00     7.1032733e-11
  0.0   16020.00     7.0990521e-11
  0.0   16030.00     7.0971660e-11
  0.0   16040.00     7.0975772e-11
  0.0   16050.00     7.1002410e-11
  0.0   16060.00     7.1051065e-11
  0.0   16070.00     7.1121188e-11
  0.0   16080.00     7.1212201e-11
  0.0   16090.00     7.1323519e-11
  0.0   16100.00     7.1454565e-11
  0.0   16110.00     7.1604781e-11
  0.0   16120.00     7.1773647e-11
  0.0   16130.00     7.1960684e-11
  0.0   16140.00     7.2165470e-11
  0.0   16150.00     7.2387638e-11
  0.0   16160.00     7.2626882e-11
  0.0   16170.00     7.2882951e-11
  0.0   16180.00     7.3155646e-11
  0.0   16190.00     7.3444808e-11
  0.0   16200.00     7.3750307e-11
  0.0   16210.00     7.4072021e-11
  0.0   16220.00     7.4409823e-11
  0.0   16230.00     7.4763556e-11
  0.0   16240.00     7.5133012e-11
  0.0   16250.00     7.5517907e-11
  0.0   16260.00     7.5917862e-11
  0.0   16270.00     7.6332380e-11
  0.0   16280.00     7.6760825e-11
  0.0   16290.00     7.7202406e-11
  0.0   16300.00     7.7656161e-11
  0.0   16310.00     7.8120949e-11
  0.0   16320.00     7.8595443e-11
  0.0   16330.00     7.9078131e-11
  0.0   16340.00     7.9567320e-11
  0.0   16350.00     8.0061143e-11
  0.0   16360.00     8.0557578e-11
  0.0   16370.00     8.1054464e-11
  0.0   16380.00     8.1549527e-11
  0.0   16390.00     8.2040406e-11
  0.0   16400.00     8.2524688e-11
  0.0   16410.00     8.2999935e-11
  0.0   16420.00     8.3463726e-11
  0.0   16430.00     8.3913691e-11
  0.0   16440.00     8.4347551e-11
  0.0   16450.00     8.4763150e-11
  0.0   16460.00     8.5158494e-11
  0.0   16470.00     8.5531782e-11
  0.0   16480.00     8.5881440e-11
  0.0   16490.00     8.6206139e-11
  0.0   16500.00     8.6504827e-11
  0.0   16510.00     8.6776740e-11
  0.0   16520.00     8.7021413e-11
  0.0   16530.00     8.7238691e-11
  0.0   16540.00     8.7428726e-11
  0.0   16550.00     8.7591975e-11
  0.0   16560.00     8.7729184e-11
  0.0   16570.00     8.7841374e-11
  0.0   16580.00     8.7929823e-11
  0.0   16590.00     8.7996037e-11
  0.0   16600.00     8.8041719e-11
  0.0   16610.00     8.8068739e-11
  0.0   16620.00     8.8079098e-11
  0.0   16630.00     8.8074892e-11
  0.0   16640.00     8.8058272e-11
  0.0   16650.00     8.8031413e-11
  0.0   16660.00     8.7996478e-11
  0.0   16670.00     8.7955576e-11
  0.0   16680.00     8.7910745e-11
  0.0   16690.00     8.7863914e-11
  0.0   16700.00     8.7816883e-11
  0.0   16710.00     8.7771307e-11
  0.0   16720.00     8.7728673e-11
  0.0   16730.00     8.7690297e-11
  0.0   16740.00     8.7657310e-11
  0.0   16750.00     8.7630658e-11
  0.0   16760.00     8.7611101e-11
  0.0   16770.00     8.7599219e-11
  0.0   16780.00     8.7595411e-11
  0.0   16790.00     8.7599910e-11
  0.0   16800.00     8.7612788e-11
  0.0   16810.00     8.7633967e-11
  0.0   16820.00     8.7663233e-11
  0.0   16830.00     8.7700243e-11
  0.0   16840.00     8.7744540e-11
  0.0   16850.00     8.7795563e-11
  0.0   16860.00     8.7852661e-11
  0.0   16870.00     8.7915097e-11
  0.0   16880.00     8.7982067e-11
  0.0   16890.00     8.8052707e-11
  0.0   16900.00     8.8126099e-11
  0.0   16910.00     8.8201291e-11
  0.0   16920.00     8.8277299e-11
  0.0   16930.00     8.8353123e-11
  0.0   16940.00     8.8427759e-11
  0.0   16950.00     8.8500209e-11
  0.0   16960.00     8.8569495e-11
  0.0   16970.00     8.8634674e-11
  0.0   16980.00     8.8694850e-11
  0.0   16990.00     8.8749193e-11
  0.0   17000.00     8.8796944e-11
  0.0   17010.00     8.8837441e-11
  0.0   17020.00     8.8870123e-11
  0.0   17030.00     8.8894548e-11
  0.0   17040.00     8.8910400e-11
  0.0   17050.00     8.8917502e-11
  0.0   17060.00     8.8915822e-11
  0.0   17070.00     8.8905474e-11
  0.0   17080.00     8.8886725e-11
  0.0   17090.00     8.8859990e-11
  0.0   17100.00     8.8825829e-11
  0.0   17110.00     8.8784938e-11
  0.0   17120.00     8.8738140e-11
  0.0   17130.00     8.8686370e-11
  0.0   17140.00     8.8630659e-11
  0.0   17150.00     8.8572113e-11
  0.0   17160.00     8.8511895e-11
  0.0   17170.00     8.8451200e-11
  0.0   17180.00     8.8391230e-11
  0.0   17190.00     8.8333172e-11
  0.0   17200.00     8.8278171e-11
  0.0   17210.00     8.8227310e-11
  0.0   17220.00     8.8181581e-11
  0.0   17230.00     8.8141868e-11
  0.0   17240.00     8.8108928e-11
  0.0   17250.00     8.8083375e-11
  0.0   17260.00     8.8065664e-11
  0.0   17270.00     8.8056084e-11
  0.0   17280.00     8.8054756e-11
  0.0   17290.00     8.8061624e-11
  0.0   17300.00     8.8076464e-11
  0.0   17310.00     8.8098887e-11
  0.0   17320.00     8.8128351e-11
  0.0   17330.00     8.8164176e-11
  0.0   17340.00     8.8205560e-11
  0.0   17350.00     8.8251598e-11
  0.0   17360.00     8.8301307e-11
  0.0   17370.00     8.8353650e-11
  0.0   17380.00     8.8407557e-11
  0.0   17390.00     8.8461954e-11
  0.0   17400.00     8.8515787e-11
  0.0   17410.00     8.8568038e-11
  0.0   17420.00     8.8617757e-11
  0.0   17430.00     8.8664069e-11
  0.0   17440.00     8.8706196e-11
  0.0   17450.00     8.8743464e-11
  0.0   17460.00     8.8775313e-11
  0.0   17470.00     8.8801301e-11
  0.0   17480.00     8.8821101e-11
  0.0   17490.00     8.8834500e-11
  0.0   17500.00     8.8841388e-11
  0.0   17510.00     8.8841756e-11
  0.0   17520.00     8.8835674e-11
  0.0   17530.00     8.8823287e-11
  0.0   17540.00     8.8804791e-11
  0.0   17550.00     8.8780428e-11
  0.0   17560.00     8.8750463e-11
  0.0   17570.00     8.8715176e-11
  0.0   17580.00     8.8674849e-11
  0.0   17590.00     8.8629751e-11
  0.0   17600.00     8.8580134e-11
  0.0   17610.00     8.8526229e-11
  0.0   17620.00     8.8468235e-11
  0.0   17630.00     8.8406324e-11
  0.0   17640.00     8.8340636e-11
  0.0   17650.00     8.8271286e-11
  0.0   17660.00     8.8198362e-11
  0.0   17670.00     8.8121937e-11
  0.0   17680.00     8.8042067e-11
  0.0   17690.00     8.7958804e-11
  0.0   17700.00     8.7872195e-11
  0.0   17710.00     8.7782293e-11
  0.0   17720.00     8.7689163e-11
  0.0   17730.00     8.7592883e-11
  0.0   17740.00     8.7493552e-11
  0.0   17750.00     8.7391288e-11
  0.0   17760.00     8.7286235e-11
  0.0   17770.00     8.7178561e-11
  0.0   17780.00     8.7068459e-11
  0.0   17790.00     8.6956143e-11
  0.0   17800.00     8.6841852e-11
  0.0   17810.00     8.6725842e-11
  0.0   17820.00     8.6608385e-11
  0.0   17830.00     8.6489765e-11
  0.0   17840.00     8.6370271e-11
  0.0   17850.00     8.6250200e-11
  0.0   17860.00     8.6129842e-11
  0.0   17870.00     8.6009485e-11
  0.0   17880.00     8.5889407e-11
  0.0   17890.00     8.5769871e-11
  0.0   17900.00     8.5651123e-11
  0.0   17910.00     8.5533389e-11
  0.0   17920.00     8.5416868e-11
  0.0   17930.00     8.5301739e-11
  0.0   17940.00     8.5188148e-11
  0.0   17950.00     8.5076216e-11
  0.0   17960.00     8.4966032e-11
  0.0   17970.00     8.4857657e-11
  0.0   17980.00     8.4751121e-11
  0.0   17990.00     8.4646428e-11
  0.0   18000.00     8.4543554e-11
  0.0   18010.00     8.4442449e-11
  0.0   18020.00     8.4343039e-11
  0.0   18030.00     8.4245230e-11
  0.0   18040.00     8.4148910e-11
  0.0   18050.00     8.4053949e-11
  0.0   18060.00     8.3960204e-11
  0.0   18070.00     8.3867522e-11
  0.0   18080.00     8.3775740e-11
  0.0   18090.00     8.3684690e-11
  0.0   18100.00     8.3594199e-11
  0.0   18110.00     8.3504095e-11
  0.0   18120.00     8.3414202e-11
  0.0   18130.00     8.3324348e-11
  0.0   18140.00     8.3234364e-11
  0.0   18150.00     8.3144084e-11
  0.0   18160.00     8.3053346e-11
  0.0   18170.00     8.2961994e-11
  0.0   18180.00     8.2869875e-11
  0.0   18190.00     8.2776842e-11
  0.0   18200.00     8.2682755e-11
  0.0   18210.00     8.2587477e-11
  0.0   18220.00     8.2490874e-11
  0.0   18230.00     8.2392820e-11
  0.0   18240.00     8.2293190e-11
  0.0   18250.00     8.2191864e-11
  0.0   18260.00     8.2088728e-11
  0.0   18270.00     8.1983670e-11
  0.0   18280.00     8.1876583e-11
  0.0   18290.00     8.1767370e-11
  0.0   18300.00     8.1655934e-11
  0.0   18310.00     8.1542192e-11
  0.0   18320.00     8.1426067e-11
  0.0   18330.00     8.1307492e-11
  0.0   18340.00     8.1186413e-11
  0.0   18350.00     8.1062790e-11
  0.0   18360.00     8.0936597e-11
  0.0   18370.00     8.0807826e-11
  0.0   18380.00     8.0676483e-11
  0.0   18390.00     8.0542593e-11
  0.0   18400.00     8.0406203e-11
  0.0   18410.00     8.0267373e-11
  0.0   18420.00     8.0126184e-11
  0.0   18430.00     7.9982733e-11
  0.0   18440.00     7.9837134e-11
  0.0   18450.00     7.9689513e-11
  0.0   18460.00     7.9540007e-11
  0.0   18470.00     7.9388765e-11
  0.0   18480.00     7.9235937e-11
  0.0   18490.00     7.9081681e-11
  0.0   18500.00     7.8926148e-11
  0.0   18510.00     7.8769490e-11
  0.0   18520.00     7.8611850e-11
  0.0   18530.00     7.8453358e-11
  0.0   18540.00     7.8294131e-11
  0.0   18550.00     7.8134274e-11
  0.0   18560.00     7.7973865e-11
  0.0   18570.00     7.7812969e-11
  0.0   18580.00     7.7651624e-11
  0.0   18590.00     7.7489848e-11
  0.0   18600.00     7.7327635e-11
  0.0   18610.00     7.7164956e-11
  0.0   18620.00     7.7001759e-11
  0.0   18630.00     7.6837970e-11
  0.0   18640.00     7.6673496e-11
  0.0   18650.00     7.6508224e-11
  0.0   18660.00     7.6342024e-11
  0.0   18670.00     7.6174750e-11
  0.0   18680.00     7.6006245e-11
  0.0   18690.00     7.5836338e-11
  0.0   18700.00     7.5664849e-11
  0.0   18710.00     7.5491593e-11
  0.0   18720.00     7.5316377e-11
  0.0   18730.00     7.5139006e-11
  0.0   18740.00     7.4959282e-11
  0.0   18750.00     7.4777008e-11
  0.0   18760.00     7.4591990e-11
  0.0   18770.00     7.4404036e-11
  0.0   18780.00     7.4212964e-11
  0.0   18790.00     7.4018597e-11
  0.0   18800.00     7.3820770e-11
  0.0   18810.00     7.3619336e-11
  0.0   18820.00     7.3414159e-11
  0.0   18830.00     7.3205126e-11
  0.0   18840.00     7.2992147e-11
  0.0   18850.00     7.2775157e-11
  0.0   18860.00     7.2554123e-11
  0.0   18870.00     7.2329041e-11
  0.0   18880.00     7.2099947e-11
  0.0   18890.00     7.1866912e-11
  0.0   18900.00     7.1630050e-11
  0.0   18910.00     7.1389517e-11
  0.0   18920.00     7.1145513e-11
  0.0   18930.00     7.0898282e-11
  0.0   18940.00     7.0648111e-11
  0.0   18950.00     7.0395332e-11
  0.0   18960.00     7.0140317e-11
  0.0   18970.00     6.9883474e-11
  0.0   18980.00     6.9625249e-11
  0.0   18990.00     6.9366114e-11
  0.0   19000.00     6.9106568e-11
  0.0   19010.00     6.8847129e-11
  0.0   19020.00     6.8588326e-11
  0.0   19030.00     6.8330693e-11
  0.0   19040.00     6.8074767e-11
  0.0   19050.00     6.7821073e-11
  0.0   19060.00     6.7570123e-11
  0.0   19070.00     6.7322409e-11
  0.0   19080.00     6.7078392e-11
  0.0   19090.00     6.6838504e-11
  0.0   19100.00     6.6603136e-11
  0.0   19110.00     6.6372638e-11
  0.0   19120.00     6.6147309e-11
  0.0   19130.00     6.5927404e-11
  0.0   19140.00     6.5713123e-11
  0.0   19150.00     6.5504611e-11
  0.0   19160.00     6.5301964e-11
  0.0   19170.00     6.5105218e-11
  0.0   19180.00     6.4914361e-11
  0.0   19190.00     6.4729326e-11
  0.0   19200.00     6.4549996e-11
  0.0   19210.00     6.4376211e-11
  0.0   19220.00     6.4207762e-11
  0.0   19230.00     6.4044404e-11
  0.0   19240.00     6.3885853e-11
  0.0   19250.00     6.3731794e-11
  0.0   19260.00     6.3581886e-11
  0.0   19270.00     6.3435762e-11
  0.0   19280.00     6.3293041e-11
  0.0   19290.00     6.3153326e-11
  0.0   19300.00     6.3016216e-11
  0.0   19310.00     6.2881305e-11
  0.0   19320.00     6.2748192e-11
  0.0   19330.00     6.2616483e-11
  0.0   19340.00     6.2485795e-11
  0.0   19350.00     6.2355767e-11
  0.0   19360.00     6.2226055e-11
  0.0   19370.00     6.2096347e-11
  0.0   19380.00     6.1966355e-11
  0.0   19390.00     6.1835831e-11
  0.0   19400.00     6.1704558e-11
  0.0   19410.00     6.1572364e-11
  0.0   19420.00     6.1439112e-11
  0.0   19430.00     6.1304715e-11
  0.0   19440.00     6.1169122e-11
  0.0   19450.00     6.1032331e-11
  0.0   19460.00     6.0894380e-11
  0.0   19470.00     6.0755351e-11
  0.0   19480.00     6.0615365e-11
  0.0   19490.00     6.0474580e-11
  0.0   19500.00     6.0333189e-11
  0.0   19510.00     6.0191414e-11
  0.0   19520.00     6.0049506e-11
  0.0   19530.00     5.9907736e-11
  0.0   19540.00     5.9766393e-11
  0.0   19550.00     5.9625776e-11
  0.0   19560.00     5.9486190e-11
  0.0   19570.00     5.9347942e-11
  0.0   19580.00     5.9211331e-11
  0.0   19590.00     5.9076646e-11
  0.0   19600.00     5.8944160e-11
  0.0   19610.00     5.8814126e-11
  0.0   19620.00     5.8686765e-11
  0.0   19630.00     5.8562273e-11
  0.0   19640.00     5.8440809e-11
  0.0   19650.00     5.8322493e-11
  0.0   19660.00     5.8207405e-11
  0.0   19670.00     5.8095583e-11
  0.0   19680.00     5.7987019e-11
  0.0   19690.00     5.7881658e-11
  0.0   19700.00     5.7779405e-11
  0.0   19710.00     5.7680116e-11
  0.0   19720.00     5.7583604e-11
  0.0   19730.00     5.7489640e-11
  0.0   19740.00     5.7397955e-11
  0.0   19750.00     5.7308245e-11
  0.0   19760.00     5.7220171e-11
  0.0   19770.00     5.7133364e-11
  0.0   19780.00     5.7047431e-11
  0.0   19790.00     5.6961956e-11
  0.0   19800.00     5.6876509e-11
  0.0   19810.00     5.6790647e-11
  0.0   19820.00     5.6703921e-11
  0.0   19830.00     5.6615882e-11
  0.0   19840.00     5.6526083e-11
  0.0   19850.00     5.6434089e-11
  0.0   19860.00     5.6339477e-11
  0.0   19870.00     5.6241845e-11
  0.0   19880.00     5.6140812e-11
  0.0   19890.00     5.6036028e-11
  0.0   19900.00     5.5927174e-11
  0.0   19910.00     5.5813968e-11
  0.0   19920.00     5.5696163e-11
  0.0   19930.00     5.5573557e-11
  0.0   19940.00     5.5445990e-11
  0.0   19950.00     5.5313347e-11
  0.0   19960.00     5.5175558e-11
  0.0   19970.00     5.5032599e-11
  0.0   19980.00     5.4884493e-11
  0.0   19990.00     5.4731303e-11
  0.0   20000.00     5.4573140e-11
